+13012341234
+13012341234
+13012341234
+13012341234
+13012341234
+13012341234
+13012341234
+13012341234
+13012341234
+13012341234
+13012341234
+13012341234
+13012341234
+13012341234
+13012341234
+13012341234
+13012341234
+13012341234
+13012341234
+13012341234
+13012341234
+13012341234
+13012341234
+13012341234
+13012341234
+13012341234
+13012341234
+13012341234
+13012341234
+13012341234
+13012341234
+13012341234
+13012341234
+13012341234
+13012341234
+13012341234
+13012341234
+13012341234
+13012341234
+13012341234
+13012341234
+13012341234


